# Blender 4.4.1
# www.blender.org
mtllib horror_campfire.mtl
o Cube.001
v 0.440958 -0.038196 -0.108000
v 0.507505 -0.237373 -0.108000
v 0.440958 -0.038196 0.108000
v 0.507505 -0.237373 0.108000
v -0.507505 -0.355083 -0.108000
v -0.440958 -0.554261 -0.108000
v -0.507505 -0.355083 0.108000
v -0.440958 -0.554261 0.108000
vn -0.3169 0.9485 -0.0000
vn -0.0000 -0.0000 1.0000
vn -0.9485 -0.3169 -0.0000
vn 0.3169 -0.9485 -0.0000
vn 0.9485 0.3169 -0.0000
vn -0.0000 -0.0000 -1.0000
vt 1.000000 1.000000
vt 0.000000 1.000000
vt 0.000000 0.812500
vt 1.000000 0.812500
vt 1.000000 0.593750
vt 0.781250 0.812500
vt 0.781250 0.593750
s 0
usemtl Material.001
f 1/1/1 5/2/1 7/3/1 3/4/1
f 4/4/2 3/1/2 7/2/2 8/3/2
f 8/5/3 7/4/3 5/6/3 6/7/3
f 6/3/4 2/4/4 4/1/4 8/2/4
f 2/5/5 1/4/5 3/6/5 4/7/5
f 6/4/6 5/1/6 1/2/6 2/3/6
o Cube.002
v -0.375707 -0.069168 -0.279732
v -0.410644 -0.272013 -0.321368
v -0.210241 -0.069168 -0.418574
v -0.245178 -0.272013 -0.460210
v 0.245178 -0.327987 0.460210
v 0.210241 -0.530832 0.418574
v 0.410644 -0.327987 0.321368
v 0.375707 -0.530832 0.279732
vn 0.1664 0.9659 0.1983
vn 0.7660 -0.0000 -0.6428
vn 0.6209 -0.2588 0.7399
vn -0.1664 -0.9659 -0.1983
vn -0.6209 0.2588 -0.7399
vn -0.7660 -0.0000 0.6428
vt 1.000000 1.000000
vt 0.000000 1.000000
vt 0.000000 0.812500
vt 1.000000 0.812500
vt 1.000000 0.593750
vt 0.781250 0.812500
vt 0.781250 0.593750
s 0
usemtl Material.004
f 9/8/7 13/9/7 15/10/7 11/11/7
f 12/11/8 11/8/8 15/9/8 16/10/8
f 16/12/9 15/11/9 13/13/9 14/14/9
f 14/10/10 10/11/10 12/8/10 16/9/10
f 10/12/11 9/11/11 11/13/11 12/14/11
f 14/11/12 13/8/12 9/9/12 10/10/12
o Cube.003
v 0.187265 -0.327987 -0.486660
v 0.157663 -0.530832 -0.441076
v 0.368418 -0.327987 -0.369017
v 0.338816 -0.530832 -0.323434
v -0.338816 -0.069168 0.323434
v -0.368418 -0.272013 0.369017
v -0.157663 -0.069168 0.441076
v -0.187265 -0.272013 0.486660
vn 0.1410 0.9659 -0.2171
vn 0.8387 -0.0000 0.5446
vn -0.5261 0.2588 0.8101
vn -0.1410 -0.9659 0.2171
vn 0.5261 -0.2588 -0.8101
vn -0.8387 -0.0000 -0.5446
vt 1.000000 1.000000
vt 0.000000 1.000000
vt 0.000000 0.812500
vt 1.000000 0.812500
vt 1.000000 0.593750
vt 0.781250 0.812500
vt 0.781250 0.593750
s 0
usemtl Material.005
f 17/15/13 21/16/13 23/17/13 19/18/13
f 20/18/14 19/15/14 23/16/14 24/17/14
f 24/19/15 23/18/15 21/20/15 22/21/15
f 22/17/16 18/18/16 20/15/16 24/16/16
f 18/19/17 17/18/17 19/20/17 20/21/17
f 22/18/18 21/15/18 17/16/18 18/17/18
